year oni nao pdo iod npgo npo
1950 -0.86 -0.120833333333333 -2.23583333333333 -0.285583333333333 -0.766430556666667 1.49
1951 0.430833333333333 -0.00833333333333331 -1.12166666666667 0.0705833333333333 -0.961180174166667 3
1952 0.174166666666667 -0.425 -1.54916666666667 -0.0819166666666667 -0.6394242 2.19
1953 0.713333333333333 -0.0175 -0.64 0.07425 1.08228094666667 -1.3
1954 -0.400833333333333 0.00250000000000001 -0.403333333333333 -0.34975 0.207065489666667 0.91
1955 -0.948333333333333 -0.399166666666667 -2.06916666666667 -0.252916666666667 -0.074898058 2.31
1956 -0.5775 -0.0441666666666667 -1.8125 -0.386166666666667 0.0699519816666667 3.4
1957 0.960833333333333 -0.195833333333333 0.29 -0.291666666666667 -1.14730695416667 1.41
1958 0.8325 -0.589166666666667 0.864166666666667 -0.618916666666667 -0.547807001666667 -1.07
1959 0.136666666666667 0.3525 0.274166666666667 -0.473416666666667 -0.20346100825 1.4
1960 0.0683333333333333 -0.41 0.0391666666666667 -0.496416666666667 0.747739953333333 0.36
1961 -0.0166666666666667 0.0433333333333333 -0.574166666666667 0.235833333333333 0.970684513333333 -2.03
1962 -0.215 -0.341666666666667 -1.10166666666667 0.0136666666666667 -0.0934241255833333 1.78
1963 0.6575 -0.416666666666667 -0.240833333333333 0.244166666666667 -0.234721501666667 -1.43
1964 -0.341666666666667 -0.0416666666666667 -0.8875 -0.446583333333333 0.544102425166667 0.18
1965 0.900833333333333 -0.13 -0.144166666666667 -0.209166666666667 -0.837212700833333 0.99
1966 0.375 -0.328333333333333 -0.44 -0.100583333333333 -0.9563561925 2.37
1967 -0.306666666666667 0.366666666666667 -0.741666666666667 0.1155 -0.699724801116667 2.06
1968 0.135 -0.94 -0.154166666666667 -0.08225 -0.850601763333333 0.12
1969 0.745 -0.0583333333333333 -0.344166666666667 -0.101833333333333 -0.387628509 1.93
1970 -0.32 -0.253333333333333 -0.404166666666667 -0.06775 0.0610431538333333 -3.16
1971 -0.94 0.01 -1.31583333333333 -0.04275 0.381984270666667 2.58
1972 0.9275 0.51 -1.14416666666667 0.4355 -0.659303725833333 2.94
1973 -0.6175 -0.0866666666666667 -1.13666666666667 -0.12875 0.126585564416667 0.61
1974 -0.886666666666667 0.180833333333333 -0.3025 -0.134833333333333 -0.00931021661666667 0.16
1975 -1.0525 -0.0741666666666667 -1.41166666666667 -0.206916666666667 0.798500536666667 1.12
1976 -0.0491666666666667 0.1875 -0.149166666666667 0.1565 1.86321135 1.19
1977 0.511666666666667 -0.335833333333333 0.045 0.00283333333333334 1.24927034083333 -2.95
1978 -0.0983333333333333 0.3175 0.0716666666666666 -0.275333333333333 0.504466635833333 -2.41
1979 0.250833333333333 0.135 0.1075 -0.0603333333333333 -0.737188575 1.65
1980 0.253333333333333 -0.4125 0.308333333333333 -0.326833333333333 -0.749107275833333 -1.21
1981 -0.268333333333333 -0.2125 0.838333333333333 -0.173333333333333 -0.221840562241667 -4.46
1982 0.99 0.43 -0.2575 0.320833333333333 -0.686691380833333 1.7
1983 0.48 0.31 1.24833333333333 -0.0679166666666667 -0.09206469425 -5.44
1984 -0.505833333333333 0.2475 0.603333333333333 -0.228833333333333 0.620750036666667 -2.62
1985 -0.598333333333333 -0.183333333333333 0.0266666666666667 -0.287333333333333 -0.393901047083333 1.11
1986 0.253333333333333 0.503333333333333 1.0075 -0.136666666666667 -0.732847288333333 -4.11
1987 1.27666666666667 -0.1225 1.13666666666667 0.197916666666667 0.429174729166667 -2.93
1988 -0.810833333333333 -0.0133333333333333 -0.0383333333333333 -0.1025 1.32363676333333 -0.77
1989 -0.605 0.701666666666667 -0.504166666666667 -0.269 0.612240616666667 2.84
1990 0.315 0.594166666666667 -0.826666666666667 -0.159 -0.201546121083333 2
1991 0.646666666666667 0.268333333333333 -0.879166666666667 0.213583333333333 -0.498914711166667 2.34
1992 0.630833333333333 0.580833333333333 0.76 -0.4655 -1.09491887 -2.45
1993 0.3125 0.179166666666667 1.04333333333333 -0.0606666666666667 -1.90199258833333 -0.15
1994 0.475 0.575833333333333 -0.493333333333333 0.478583333333333 -1.2115987825 1.46
1995 -0.16 -0.0808333333333333 0.439166666666667 -0.0150833333333333 -1.03920854583333 -0.34
1996 -0.46 -0.214166666666667 0.683333333333333 -0.361666666666667 -0.972836611666667 -1.13
1997 1.17083333333333 -0.156666666666667 1.31666666666667 0.518333333333333 -0.657690615833333 -0.23
1998 -0.0575 -0.480833333333333 -0.478333333333333 -0.0655 0.544553282666667 -3.42
1999 -1.225 0.390833333333333 -1.84333333333333 0.03425 1.51578051666667 0.55
2000 -0.835833333333333 0.206666666666667 -1.12583333333333 0.0695 1.88586129166667 -0.45
2001 -0.308333333333333 -0.1825 -1.13416666666667 -0.0238333333333333 2.080693375 -1.82
2002 0.630833333333333 0.0391666666666667 -0.439166666666667 0.02 1.47359396 0.3
2003 0.250833333333333 0.0975 0.381666666666667 0.06325 0.958507189166667 -3.84
2004 0.446666666666667 0.2425 -0.224166666666667 -0.0368333333333333 0.209460249333333 -0.34
2005 0.0408333333333333 -0.2675 -0.188333333333333 -0.194083333333333 -1.382803095 -0.75
2006 0.0716666666666667 -0.2075 -0.350833333333333 0.181583333333333 -0.5556193925 1.21
2007 -0.6075 0.173333333333333 -0.7025 0.200416666666667 0.593865201666667 0.93
2008 -0.781666666666667 -0.378333333333333 -1.66333333333333 0.155416666666667 1.45586074833333 0.4
2009 0.281666666666667 -0.243333333333333 -1.03166666666667 0.136666666666667 0.738577193333333 4.57
2010 -0.479166666666667 -1.1525 -1.06083333333333 0.0569166666666667 1.36925054416667 -2.41
2011 -0.860833333333333 0.293333333333333 -1.81166666666667 0.286166666666667 0.859107346666667 2.23
2012 -0.150833333333333 -0.455833333333333 -1.73333333333333 0.205416666666667 1.47799897666667 1.43
2013 -0.3225 0.21 -1.16583333333333 -0.03525 0.345830584166667 1.41
2014 0.116666666666667 0.186666666666667 0.554166666666667 -0.00175 -0.2495040825 0.91
2015 1.46083333333333 0.433333333333333 0.916666666666667 0.267666666666667 -1.39461713333333 -1.04
2016 0.334166666666667 -0.0383333333333333 0.669166666666667 -0.14875 -0.189634578333333 -2.31
2017 -0.204166666666667 0.225833333333333 -0.0958333333333333 0.36075 -0.861852010833333 1.36
2018 0.00666666666666668 1.08333333333333 -0.36 0.29525 -1.906805375 4.08
2019 0.4875 -0.318333333333333 -0.1475 0.631416666666667 -2.25064674333333 0.5
2020 -0.359166666666667 0.290833333333333 -1.14166666666667 0.186666666666667 -1.7676031 2.86
2021 -0.723333333333333 -0.398333333333333 -1.87 0.122666666666667 -0.878858856583333 1.74
